#!/bin/bash
#  Output format: CURL
# Color code format: DEC(244,244,244)
# Addressing: Range(10,17,#f4f4f4)
WLED_DEVICE="esp32-07"

PIC_88='{"on":true,"bri":255,"seg":{"id":0,"i":[0,[255,0,0],[0,0,0],2,5,[255,0,0],5,7,[0,0,0],7,9,[255,255,255],9,11,[0,0,0],[255,0,0],[0,0,0],13,17,[255,0,0],[0,0,0],[255,0,0],19,22,[0,0,0],[255,255,255],23,25,[0,0,0],[255,255,255],[0,0,0],[255,0,0],[0,0,0],[255,0,0],30,32,[0,0,0],32,37,[255,0,0],[0,0,0],[255,255,255],39,41,[0,0,0],[255,255,255],[0,0,0],43,48,[255,0,0],48,50,[0,0,0],[255,0,0],[0,0,0],[255,0,0],53,55,[0,0,0],55,57,[255,255,255],57,61,[0,0,0],[255,0,0],[0,0,0],63,67,[255,0,0],[0,0,0],[255,0,0],[0,0,0],[255,255,255],71,73,[0,0,0],[255,255,255],[0,0,0],75,78,[255,0,0],[0,0,0],[255,0,0],80,86,[0,0,0],[255,255,255],87,89,[0,0,0],[255,255,255],90,96,[0,0,0],[255,255,255],[0,0,0],98,101,[255,255,255],101,103,[0,0,0],103,105,[255,255,255],105,107,[0,0,0],[255,255,255],[0,0,0],109,113,[255,255,255],[0,0,0],[255,255,255],115,123,[0,0,0],[255,255,255],[0,0,0],[255,255,255],126,128,[0,0,0],128,133,[255,255,255],133,139,[0,0,0],139,144,[255,255,255],144,146,[0,0,0],[255,255,255],[0,0,0],[255,255,255],149,151,[0,0,0],151,153,[255,255,255],153,157,[0,0,0],[255,255,255],[0,0,0],159,163,[255,255,255],[0,0,0],[255,255,255],[0,0,0],[255,255,255],167,169,[0,0,0],[255,255,255],[0,0,0],171,174,[255,255,255],[0,0,0],[255,255,255],[255,0,0],[0,0,0],178,181,[255,0,0],[0,0,0],[255,255,255],183,185,[0,0,0],[255,255,255],[0,0,0],[255,0,0],[0,0,0],189,193,[255,0,0],[0,0,0],[255,0,0],195,199,[0,0,0],199,201,[255,255,255],201,203,[0,0,0],[255,0,0],[0,0,0],[255,0,0],206,208,[0,0,0],208,213,[255,0,0],[0,0,0],[255,255,255],215,217,[0,0,0],[255,255,255],[0,0,0],219,224,[255,0,0],224,226,[0,0,0],[255,0,0],[0,0,0],[255,0,0],[0,0,0],[255,255,255],231,233,[0,0,0],[255,255,255],234,237,[0,0,0],[255,0,0],[0,0,0],239,243,[255,0,0],[0,0,0],[255,0,0],245,247,[0,0,0],247,249,[255,255,255],249,251,[0,0,0],251,254,[255,0,0],[0,0,0],[255,0,0]]}}'

PIC_88LGBT='{"on":true,"bri":255,"seg":{"id":0,"i":[0,[254,0,0],[0,0,0],2,5,[254,0,0],5,7,[0,0,0],7,9,[255,255,255],9,11,[0,0,0],[254,165,0],[0,0,0],13,16,[254,165,0],[254,0,0],[0,0,0],[254,0,0],19,22,[0,0,0],[255,255,255],23,25,[254,0,0],[255,255,255],[0,0,0],[254,165,0],[0,0,0],[254,165,0],30,32,[0,0,0],32,37,[254,0,0],[0,0,0],[255,255,255],39,41,[254,0,0],[255,255,255],[0,0,0],43,48,[254,165,0],48,50,[0,0,0],[254,0,0],[0,0,0],[254,0,0],53,55,[0,0,0],55,57,[255,255,255],57,61,[0,0,0],[254,165,0],[0,0,0],[254,165,0],64,67,[254,0,0],[0,0,0],[254,0,0],[0,0,0],[255,255,255],71,73,[255,255,0],[255,255,255],[0,0,0],75,78,[254,165,0],[0,0,0],[254,165,0],80,86,[0,0,0],[255,255,255],87,89,[255,255,0],[255,255,255],90,96,[0,0,0],[255,255,0],[0,0,0],98,101,[255,255,0],101,103,[0,0,0],103,105,[255,255,255],105,107,[0,0,0],[0,128,1],[0,0,0],109,112,[0,128,1],[255,255,0],[0,0,0],[255,255,0],115,123,[0,0,0],[0,128,1],[0,0,0],[0,128,1],126,128,[0,0,0],128,133,[255,255,0],133,139,[0,0,0],139,144,[0,128,1],144,146,[0,0,0],[255,255,0],[0,0,0],[255,255,0],149,151,[0,0,0],151,153,[255,255,255],153,157,[0,0,0],[0,128,1],[0,0,0],[0,128,1],160,163,[255,255,0],[0,0,0],[255,255,0],[0,0,0],[255,255,255],167,169,[0,128,1],[255,255,255],[0,0,0],171,174,[0,128,1],[0,0,0],[0,128,1],[0,0,254],[0,0,0],178,181,[0,0,254],[0,0,0],[255,255,255],183,185,[0,128,1],[255,255,255],[0,0,0],[129,0,127],[0,0,0],189,192,[129,0,127],[0,0,254],[0,0,0],[0,0,254],195,199,[0,0,0],199,201,[255,255,255],201,203,[0,0,0],[129,0,127],[0,0,0],[129,0,127],206,208,[0,0,0],208,213,[0,0,254],[0,0,0],[255,255,255],215,217,[0,0,254],[255,255,255],[0,0,0],219,224,[129,0,127],224,226,[0,0,0],[0,0,254],[0,0,0],[0,0,254],[0,0,0],[255,255,255],231,233,[0,0,254],[255,255,255],234,237,[0,0,0],[129,0,127],[0,0,0],[129,0,127],240,243,[0,0,254],[0,0,0],[0,0,254],245,247,[0,0,0],247,249,[255,255,255],249,251,[0,0,0],251,254,[129,0,127],[0,0,0],[129,0,127]]}}'

PIC_ALIEN1='{"on":true,"bri":255,"seg":{"id":0,"i":[0,69,[0,0,0],[0,244,0],70,75,[0,0,0],[0,244,0],76,86,[0,0,0],86,91,[0,244,0],91,101,[0,0,0],101,108,[0,244,0],108,116,[0,0,0],116,118,[0,244,0],[0,0,0],119,122,[0,244,0],[0,0,0],123,125,[0,244,0],125,131,[0,0,0],131,142,[0,244,0],142,147,[0,0,0],[0,244,0],[0,0,0],149,156,[0,244,0],[0,0,0],[0,244,0],158,163,[0,0,0],[0,244,0],[0,0,0],[0,244,0],166,171,[0,0,0],[0,244,0],[0,0,0],[0,244,0],174,182,[0,0,0],182,184,[0,244,0],[0,0,0],185,187,[0,244,0],187,256,[0,0,0]]}}'

PIC_ALX3='{"on":true,"bri":255,"seg":{"id":0,"i":[0,[223,205,227],[222,204,226],[220,198,221],[52,25,56],[39,13,42],[53,28,50],[71,43,68],[72,49,67],[89,62,71],[58,30,52],[44,17,48],[29,11,33],[192,172,197],[222,202,230],[220,202,226],[221,206,229],[222,204,226],[219,201,223],[36,12,38],[38,14,40],[49,26,36],[133,89,86],[164,119,113],[203,164,157],[180,140,130],[135,94,90],[43,19,33],[29,9,36],[36,12,44],[202,175,210],[217,196,227],[219,201,225],[219,201,223],[207,189,211],[47,23,49],[39,16,34],[186,139,129],[229,197,184],[232,208,196],[234,202,189],[229,207,196],[211,169,153],[193,141,128],[48,21,40],[32,12,40],[41,11,47],[209,191,213],[214,196,218],[216,198,220],[201,187,204],[36,16,41],[128,77,76],[213,179,167],[237,209,195],[242,215,208],[240,217,211],[237,214,206],[227,191,177],[204,163,145],[134,79,72],[39,11,36],[35,9,38],[207,180,213],[211,191,216],[218,194,220],[36,18,42],[30,16,41],[187,149,136],[215,178,169],[237,205,194],[236,203,196],[238,211,204],[235,206,198],[231,195,181],[200,162,149],[132,89,73],[99,56,65],[34,7,38],[116,84,125],[208,184,210],[209,194,215],[41,20,51],[57,34,42],[179,139,131],[215,175,167],[232,196,184],[234,205,197],[236,203,198],[229,202,193],[219,182,173],[203,149,139],[173,134,119],[142,100,88],[29,12,30],[54,33,52],[202,175,206],[201,179,200],[36,18,42],[124,83,81],[139,99,91],[151,103,93],[135,86,79],[213,166,156],[208,164,153],[160,116,107],[145,92,86],[170,118,105],[154,106,96],[99,59,51],[59,32,41],[121,77,94],[193,164,195],[185,157,179],[41,22,42],[136,92,89],[128,77,74],[33,5,28],[47,19,42],[101,56,59],[203,170,155],[73,31,33],[127,100,115],[41,15,44],[43,21,33],[131,82,77],[87,54,45],[46,18,33],[184,155,177],[175,150,171],[80,40,48],[159,112,106],[161,122,115],[130,86,83],[135,91,82],[148,101,91],[220,186,177],[165,122,105],[155,102,94],[123,72,68],[168,128,116],[187,147,135],[116,67,63],[74,29,32],[166,137,159],[185,155,183],[147,120,139],[161,122,117],[202,165,156],[202,158,149],[201,157,148],[185,135,124],[204,168,156],[192,135,124],[194,142,129],[202,149,141],[204,163,145],[176,128,114],[121,74,68],[103,57,68],[162,133,155],[185,157,180],[166,136,164],[146,92,90],[196,143,135],[209,159,148],[211,165,150],[175,127,115],[209,161,151],[185,135,124],[124,66,55],[202,149,135],[199,146,132],[158,116,104],[123,83,71],[140,117,125],[125,98,117],[178,150,173],[149,120,142],[60,30,42],[171,124,114],[182,130,117],[175,127,113],[100,56,47],[115,61,61],[99,54,51],[146,94,83],[164,115,100],[163,111,100],[136,96,88],[57,35,48],[137,110,127],[139,110,128],[175,147,169],[151,122,144],[129,110,132],[141,100,96],[153,101,90],[158,110,100],[165,121,112],[152,108,99],[158,114,105],[157,113,104],[158,118,106],[144,96,86],[124,83,79],[99,73,98],[139,107,131],[159,127,150],[174,141,168],[149,119,143],[37,13,45],[141,96,99],[155,112,103],[171,133,120],[84,38,38],[50,17,28],[174,115,119],[127,77,76],[161,115,102],[143,95,85],[125,77,77],[106,75,91],[137,108,130],[157,125,148],[169,136,165],[135,108,125],[113,84,104],[55,31,44],[138,99,92],[149,111,98],[161,118,109],[148,100,90],[141,97,84],[159,115,104],[145,99,86],[127,80,70],[107,65,67],[106,75,90],[123,96,113],[157,127,155],[165,138,155],[152,123,145],[139,110,130],[131,104,119],[119,83,85],[139,96,87],[168,132,118],[191,149,133],[191,148,131],[160,118,102],[124,84,76],[99,58,56],[105,65,66],[86,55,70],[139,112,129],[157,130,147]]}}'

PIC_FRANCELIBRE='{"on":true,"bri":255,"seg":{"id":0,"i":[0,32,[0,0,0],32,36,[0,0,255],36,43,[255,255,255],43,47,[255,0,0],[0,0,0],48,52,[0,0,255],52,55,[255,255,255],[0,0,255],56,59,[255,255,255],59,63,[255,0,0],[0,0,0],64,68,[0,0,255],68,71,[255,255,255],[0,0,255],72,75,[255,255,255],75,79,[255,0,0],[0,0,0],80,84,[0,0,255],84,86,[255,255,255],86,89,[0,0,255],89,91,[255,255,255],91,95,[255,0,0],[0,0,0],96,100,[0,0,255],100,103,[255,255,255],[0,0,255],104,107,[255,255,255],107,111,[255,0,0],[0,0,0],112,116,[0,0,255],[255,255,255],117,122,[0,0,255],[255,255,255],123,127,[255,0,0],[0,0,0],128,132,[0,0,255],132,135,[255,255,255],[0,0,255],136,139,[255,255,255],[254,0,0],140,143,[255,0,0],[0,0,0],144,148,[0,0,255],148,151,[255,255,255],[0,0,255],152,155,[255,255,255],155,159,[255,0,0],[0,0,0],160,164,[0,0,255],164,167,[255,255,255],[0,0,255],168,171,[255,255,255],171,175,[255,0,0],[0,0,0],176,180,[0,0,255],180,183,[255,255,255],[0,0,255],184,187,[255,255,255],187,191,[255,0,0],[0,0,0],192,196,[0,0,255],196,203,[255,255,255],203,207,[255,0,0],207,256,[0,0,0]]}}'

PIC_HEART12='{"on":true,"bri":255,"seg":{"id":0,"i":[0,2,[16,108,33],[9,60,18],3,6,[1,6,2],[14,96,29],7,9,[16,108,33],[14,96,29],10,13,[0,0,0],[4,26,8],14,17,[16,108,33],[9,61,19],[61,13,4],[163,0,0],[162,0,0],[163,0,0],[8,28,8],[15,103,31],[16,108,33],[1,8,3],26,28,[65,65,65],[46,46,46],[6,6,5],[4,30,9],[16,108,33],[11,76,23],[53,4,1],[197,31,31],[255,71,71],[255,76,76],[255,0,0],[130,0,0],[9,49,15],[4,28,9],[48,48,48],42,44,[102,102,102],[99,99,99],[47,47,47],[11,11,11],[8,53,16],[0,0,0],[208,0,0],[255,150,150],[255,255,255],[255,236,236],[255,1,1],[255,0,0],[75,0,0],[23,23,23],57,61,[102,102,102],[97,97,97],[40,40,40],[0,0,0],[1,4,1],[189,0,0],[255,200,200],[255,255,255],[255,17,17],69,71,[255,0,0],[243,0,0],[96,96,96],73,77,[102,102,102],[90,90,90],[36,36,36],[0,0,0],[1,6,2],[186,0,0],[255,36,36],[254,38,38],84,88,[255,0,0],88,93,[102,102,102],[89,89,89],[35,35,35],95,97,[0,0,0],[200,0,0],[255,39,39],[254,53,53],100,104,[255,0,0],104,109,[102,102,102],[95,95,95],[38,38,38],[0,0,0],[2,11,3],[175,1,0],[250,188,188],[255,247,247],116,120,[255,0,0],120,125,[102,102,102],[86,86,86],[34,34,34],[0,1,0],[15,102,31],[11,14,4],[162,12,12],[255,16,16],132,136,[255,0,0],136,140,[102,102,102],[91,91,91],[31,31,31],[2,2,2],[14,97,29],[16,108,33],[12,78,24],[36,20,6],[156,0,0],148,152,[255,0,0],152,155,[102,102,102],[91,91,91],[38,38,38],[5,6,4],[8,52,16],159,162,[16,108,33],[11,74,23],[19,16,5],[194,0,0],165,168,[255,0,0],168,170,[102,102,102],[91,91,91],[46,46,46],[0,2,1],[6,44,13],174,179,[16,108,33],[12,82,25],[3,1,0],[247,0,0],182,184,[255,0,0],[102,102,102],[94,94,94],[47,47,47],[0,0,0],[8,52,16],189,195,[16,108,33],[16,106,32],[12,83,25],[22,0,0],[235,0,0],[255,0,0],[99,99,99],[48,48,48],[4,4,4],[8,56,17],[16,103,31],205,213,[16,108,33],[10,66,20],[71,0,0],[180,0,0],[68,68,68],[10,10,10],[6,39,12],219,230,[16,108,33],[8,51,16],[46,1,0],[24,24,24],[3,19,6],234,247,[16,108,33],[5,32,10],[1,5,2],249,256,[16,108,33]]}}'

PIC_HEART14='{"on":true,"bri":255,"seg":{"id":0,"i":[0,2,[16,108,33],[9,60,18],[1,6,2],4,6,[0,0,0],[12,85,26],7,9,[16,108,33],[14,96,29],10,13,[0,0,0],[4,26,8],14,17,[16,108,33],[9,61,19],[61,13,4],[163,0,0],20,22,[65,65,65],[4,9,4],[14,98,30],[16,108,33],[1,8,3],26,28,[65,65,65],[46,46,46],[6,6,5],[4,30,9],[16,108,33],[11,76,23],[53,4,1],[197,31,31],[255,71,71],[148,148,148],[102,102,102],[52,52,52],[5,23,7],[4,28,9],[48,48,48],42,44,[102,102,102],[99,99,99],[47,47,47],[11,11,11],[8,53,16],[0,0,0],[208,0,0],[255,150,150],[255,255,255],[244,244,244],[103,103,103],[102,102,102],[30,30,30],[23,23,23],57,61,[102,102,102],[97,97,97],[40,40,40],[0,0,0],[1,4,1],[189,0,0],[255,200,200],[255,255,255],[112,112,112],69,71,[102,102,102],[97,97,97],[96,96,96],73,77,[102,102,102],[90,90,90],[36,36,36],[0,0,0],[1,6,2],[186,0,0],[255,36,36],[254,38,38],84,93,[102,102,102],[89,89,89],[35,35,35],95,97,[0,0,0],[200,0,0],[255,39,39],[254,53,53],100,109,[102,102,102],[95,95,95],[38,38,38],[0,0,0],[2,11,3],[175,1,0],[250,188,188],[255,247,247],116,125,[102,102,102],[86,86,86],[34,34,34],[0,1,0],[15,102,31],[11,14,4],[162,12,12],[255,16,16],132,140,[102,102,102],[91,91,91],[31,31,31],[2,2,2],[14,97,29],[16,108,33],[12,78,24],[36,20,6],[156,0,0],148,155,[102,102,102],[91,91,91],[38,38,38],[5,6,4],[8,52,16],159,162,[16,108,33],[11,74,23],[19,16,5],[78,78,78],165,170,[102,102,102],[91,91,91],[46,46,46],[0,2,1],[6,44,13],174,179,[16,108,33],[12,82,25],[1,1,1],[99,99,99],182,185,[102,102,102],[94,94,94],[47,47,47],[0,0,0],[8,52,16],189,195,[16,108,33],[16,106,32],[9,64,19],[9,9,9],[94,94,94],[102,102,102],[99,99,99],[48,48,48],[4,4,4],[8,56,17],[16,103,31],205,213,[16,108,33],[6,40,12],[28,28,28],[72,72,72],[68,68,68],[10,10,10],[6,39,12],219,230,[16,108,33],[4,24,8],[18,18,18],[24,24,24],[3,19,6],234,247,[16,108,33],[1,9,3],[1,5,2],249,256,[16,108,33]]}}'

PIC_HEART34='{"on":true,"bri":255,"seg":{"id":0,"i":[0,2,[16,108,33],[9,60,18],3,6,[1,6,2],[14,96,29],7,9,[16,108,33],[15,102,31],10,12,[1,6,2],[4,4,4],[22,44,26],14,17,[16,108,33],[9,61,19],[61,13,4],[163,0,0],[162,0,0],[163,0,0],[8,28,8],[15,103,31],[16,108,33],[4,30,9],26,28,[163,0,0],[35,35,35],[11,11,10],[22,48,27],[16,108,33],[11,76,23],[53,4,1],[197,31,31],[255,71,71],[255,76,76],[255,0,0],[130,0,0],[9,49,15],[8,55,17],[119,0,0],42,44,[255,0,0],[74,74,74],[35,35,35],[8,8,8],[23,69,31],[0,0,0],[208,0,0],[255,150,150],[255,255,255],[255,236,236],[255,1,1],[255,0,0],[75,0,0],[57,0,0],57,60,[255,0,0],[76,76,76],[73,73,73],[30,30,30],[0,0,0],[1,4,1],[189,0,0],[255,200,200],[255,255,255],[255,17,17],69,71,[255,0,0],[243,0,0],[241,0,0],73,76,[255,0,0],[76,76,76],[68,68,68],[27,27,27],[3,3,3],[1,6,2],[186,0,0],[255,36,36],[254,38,38],84,92,[255,0,0],[76,76,76],[67,67,67],[26,26,26],[4,4,4],[0,0,0],[200,0,0],[255,39,39],[254,53,53],100,108,[255,0,0],[76,76,76],[71,71,71],[29,29,29],[0,0,0],[2,11,3],[175,1,0],[250,188,188],[255,247,247],116,124,[255,0,0],[76,76,76],[65,65,65],[26,26,26],[6,7,7],[15,102,31],[11,14,4],[162,12,12],[255,16,16],132,140,[255,0,0],[68,68,68],[23,23,23],[6,6,6],[18,100,33],[16,108,33],[12,78,24],[36,20,6],[156,0,0],148,155,[255,0,0],[228,0,0],[29,29,29],[13,13,12],[23,67,31],159,162,[16,108,33],[11,74,23],[19,16,5],[194,0,0],165,170,[255,0,0],[227,0,0],[115,0,0],[8,10,8],[23,61,30],174,179,[16,108,33],[12,82,25],[3,1,0],[247,0,0],182,185,[255,0,0],[234,0,0],[117,0,0],[0,1,0],[23,67,31],189,195,[16,108,33],[16,106,32],[12,83,25],[22,0,0],[235,0,0],[255,0,0],[247,0,0],[121,0,0],[10,0,0],[11,78,24],[17,104,33],205,213,[16,108,33],[10,66,20],[71,0,0],[180,0,0],[171,0,0],[24,0,0],[10,65,20],219,230,[16,108,33],[8,51,16],[46,1,0],[59,0,0],[7,46,14],234,247,[16,108,33],[5,32,10],[4,24,7],249,256,[16,108,33]]}}'

PIC_HEARTEMPTY='{"on":true,"bri":255,"seg":{"id":0,"i":[0,2,[16,108,33],[9,60,18],3,6,[1,6,2],[14,96,29],7,9,[16,108,33],[15,102,31],10,13,[1,6,2],[8,53,16],14,17,[16,108,33],[9,61,19],[26,37,28],19,22,[65,65,65],[6,29,10],[15,103,31],[16,108,33],[4,30,9],26,28,[65,65,65],[46,46,46],[6,15,8],[8,57,17],[16,108,33],[11,76,23],[22,25,22],[97,97,97],[145,145,145],[148,148,148],[102,102,102],[52,52,52],[8,50,16],[8,55,17],[48,48,48],42,44,[102,102,102],[99,99,99],[47,47,47],[11,11,11],[11,76,23],[0,0,0],[83,83,83],[192,192,192],[255,255,255],[244,244,244],[103,103,103],[102,102,102],[30,30,30],[23,23,23],57,61,[102,102,102],[97,97,97],[40,40,40],[0,0,0],[1,4,1],[76,76,76],[222,222,222],[255,255,255],[112,112,112],69,71,[102,102,102],[97,97,97],[96,96,96],73,77,[102,102,102],[90,90,90],[36,36,36],[1,4,1],[1,6,2],[74,74,74],82,84,[124,124,124],84,93,[102,102,102],[89,89,89],[35,35,35],[1,6,2],[0,0,0],[80,80,80],[125,125,125],[133,133,133],100,109,[102,102,102],[95,95,95],[38,38,38],[0,0,0],[2,11,3],[70,70,70],[213,213,213],[250,250,250],116,125,[102,102,102],[86,86,86],[34,34,34],[2,11,3],[15,102,31],[6,17,8],[72,72,72],[112,112,112],132,140,[102,102,102],[91,91,91],[31,31,31],[3,9,4],[15,102,31],[16,108,33],[12,78,24],[16,33,19],[62,62,62],148,155,[102,102,102],[91,91,91],[38,38,38],[6,19,8],[11,75,23],159,162,[16,108,33],[11,74,23],[9,23,12],[78,78,78],165,170,[102,102,102],[91,91,91],[46,46,46],[2,14,4],[10,69,21],174,179,[16,108,33],[12,82,25],[1,2,1],[99,99,99],182,185,[102,102,102],[94,94,94],[47,47,47],[0,1,0],[11,75,23],189,195,[16,108,33],[16,106,32],[12,83,25],[9,9,9],[94,94,94],[102,102,102],[99,99,99],[48,48,48],[4,4,4],[11,78,24],[16,105,32],205,213,[16,108,33],[10,66,20],[28,28,28],[72,72,72],[68,68,68],[10,10,10],[10,65,20],219,230,[16,108,33],[8,51,16],[18,19,18],[24,24,24],[7,46,14],234,247,[16,108,33],[5,32,10],[4,24,7],249,256,[16,108,33]]}}'

PIC_HEARTFULLBLUE='{"on":true,"bri":255,"seg":{"id":0,"i":[0,2,[25,16,108],[14,9,60],3,6,[1,1,6],[22,14,96],7,9,[25,16,108],[24,15,102],10,13,[1,1,6],[12,8,53],14,17,[25,16,108],[14,9,61],[62,2,13],[163,0,0],[162,0,0],[163,0,0],[10,4,28],[24,15,103],[25,16,108],[7,4,30],26,28,[163,0,0],[116,0,0],[14,2,11],[13,8,57],[25,16,108],[18,11,76],[54,1,4],[197,31,31],[255,71,71],[255,76,76],[255,0,0],[130,0,0],[13,7,49],[13,8,55],[119,0,0],42,44,[255,0,0],[247,0,0],[118,0,0],[28,0,0],[18,11,76],[0,0,0],[208,0,0],[255,150,150],[255,255,255],[255,236,236],[255,1,1],[255,0,0],[75,0,0],[57,0,0],57,61,[255,0,0],[242,0,0],[100,0,0],[0,0,0],[1,1,4],[189,0,0],[255,200,200],[255,255,255],[255,17,17],69,71,[255,0,0],[243,0,0],[241,0,0],73,77,[255,0,0],[226,0,0],[89,0,0],[1,1,4],[1,1,6],[186,0,0],[255,36,36],[254,38,38],84,93,[255,0,0],[223,0,0],[88,0,0],[1,1,6],[0,0,0],[200,0,0],[255,39,39],[254,53,53],100,109,[255,0,0],[237,0,0],[96,0,0],[0,0,0],[3,2,11],[175,0,1],[250,188,188],[255,247,247],116,124,[255,0,0],[254,0,0],[216,0,0],[86,0,0],[3,2,11],[24,15,102],[12,2,14],[162,12,12],[255,16,16],132,140,[255,0,0],[227,0,0],[77,0,0],[6,1,7],[24,15,102],[25,16,108],[18,12,78],[38,3,20],[156,0,0],148,155,[255,0,0],[228,0,0],[96,0,0],[11,2,16],[17,11,75],159,162,[25,16,108],[17,11,74],[21,2,16],[194,0,0],165,170,[255,0,0],[227,0,0],[115,0,0],[3,2,14],[16,10,69],174,179,[25,16,108],[19,12,82],[3,0,1],[247,0,0],182,185,[255,0,0],[234,0,0],[117,0,0],[0,0,1],[17,11,75],189,195,[25,16,108],[25,16,106],[19,12,83],[22,0,0],[235,0,0],[255,0,0],[247,0,0],[121,0,0],[10,0,0],[18,11,78],[24,16,105],205,213,[25,16,108],[15,10,66],[71,0,0],[180,0,0],[171,0,0],[24,0,0],[15,10,65],219,230,[25,16,108],[12,8,51],[46,0,1],[59,0,0],[11,7,46],234,247,[25,16,108],[7,5,32],[6,4,24],249,256,[25,16,108]]}}'

PIC_HEARTFULLGREEN='{"on":true,"bri":255,"seg":{"id":0,"i":[0,2,[16,108,33],[9,60,18],3,6,[1,6,2],[14,96,29],7,9,[16,108,33],[15,102,31],10,13,[1,6,2],[8,53,16],14,17,[16,108,33],[9,61,19],[61,13,4],[163,0,0],[162,0,0],[163,0,0],[8,28,8],[15,103,31],[16,108,33],[4,30,9],26,28,[163,0,0],[116,0,0],[13,11,3],[8,57,17],[16,108,33],[11,76,23],[53,4,1],[197,31,31],[255,71,71],[255,76,76],[255,0,0],[130,0,0],[9,49,15],[8,55,17],[119,0,0],42,44,[255,0,0],[247,0,0],[118,0,0],[28,0,0],[11,76,23],[0,0,0],[208,0,0],[255,150,150],[255,255,255],[255,236,236],[255,1,1],[255,0,0],[75,0,0],[57,0,0],57,61,[255,0,0],[242,0,0],[100,0,0],[0,0,0],[1,4,1],[189,0,0],[255,200,200],[255,255,255],[255,17,17],69,71,[255,0,0],[243,0,0],[241,0,0],73,77,[255,0,0],[226,0,0],[89,0,0],[1,4,1],[1,6,2],[186,0,0],[255,36,36],[254,38,38],84,93,[255,0,0],[223,0,0],[88,0,0],[1,6,2],[0,0,0],[200,0,0],[255,39,39],[254,53,53],100,109,[255,0,0],[237,0,0],[96,0,0],[0,0,0],[2,11,3],[175,1,0],[250,188,188],[255,247,247],116,124,[255,0,0],[254,0,0],[216,0,0],[86,0,0],[2,11,3],[15,102,31],[11,14,4],[162,12,12],[255,16,16],132,140,[255,0,0],[227,0,0],[77,0,0],[6,7,2],[15,102,31],[16,108,33],[12,78,24],[36,20,6],[156,0,0],148,155,[255,0,0],[228,0,0],[96,0,0],[10,16,5],[11,75,23],159,162,[16,108,33],[11,74,23],[19,16,5],[194,0,0],165,170,[255,0,0],[227,0,0],[115,0,0],[2,14,4],[10,69,21],174,179,[16,108,33],[12,82,25],[3,1,0],[247,0,0],182,185,[255,0,0],[234,0,0],[117,0,0],[0,1,0],[11,75,23],189,195,[16,108,33],[16,106,32],[12,83,25],[22,0,0],[235,0,0],[255,0,0],[247,0,0],[121,0,0],[10,0,0],[11,78,24],[16,105,32],205,213,[16,108,33],[10,66,20],[71,0,0],[180,0,0],[171,0,0],[24,0,0],[10,65,20],219,230,[16,108,33],[8,51,16],[46,1,0],[59,0,0],[7,46,14],234,247,[16,108,33],[5,32,10],[4,24,7],249,256,[16,108,33]]}}'

PIC_HEARTRAINBOW='{"on":true,"bri":255,"seg":{"id":0,"i":[0,19,[0,0,0],19,22,[255,76,92],22,26,[0,0,0],26,29,[255,76,92],29,34,[0,0,0],[255,76,92],35,38,[242,15,36],[255,76,92],39,41,[0,0,0],[255,76,92],42,45,[242,15,36],[255,76,92],46,49,[0,0,0],[255,76,92],50,62,[242,15,36],[255,76,92],63,65,[0,0,0],[255,125,36],66,78,[251,104,4],[255,125,36],79,81,[0,0,0],[255,125,36],82,94,[251,104,4],[255,125,36],95,97,[0,0,0],[255,249,120],98,110,[251,242,54],[255,249,120],111,113,[0,0,0],[255,249,120],114,126,[251,242,54],[255,249,120],127,129,[0,0,0],[137,228,75],130,142,[106,190,48],[137,228,75],143,146,[0,0,0],[137,228,75],147,157,[106,190,48],[137,228,75],158,163,[0,0,0],[129,146,251],164,172,[91,110,225],[129,146,251],173,180,[0,0,0],[129,146,251],181,187,[91,110,225],[129,146,251],188,197,[0,0,0],[177,103,206],198,202,[118,66,138],[177,103,206],203,214,[0,0,0],[177,103,206],215,217,[118,66,138],[177,103,206],218,231,[0,0,0],231,233,[177,103,206],233,256,[0,0,0]]}}'

PIC_NUCLEAR='{"on":true,"bri":255,"seg":{"id":0,"i":[0,4,[255,255,255],[232,232,232],[181,181,171],[177,178,105],[174,175,27],[174,174,27],[177,178,104],[179,179,167],[230,230,230],12,18,[255,255,255],[250,250,250],[181,181,170],[169,171,23],[249,249,51],[251,251,61],[251,252,64],[251,252,63],[251,252,62],[231,231,46],[164,166,10],[177,177,163],[250,250,250],30,33,[255,255,255],[250,250,250],[165,164,134],[160,161,15],[15,15,4],[216,217,57],38,41,[251,252,63],[251,252,64],[162,164,43],[9,9,2],[158,159,13],[165,165,132],[250,250,250],47,49,[255,255,255],[179,179,168],[158,159,13],[1,1,2],[0,0,0],[129,129,32],[251,252,64],55,57,[251,252,63],[241,241,61],[46,48,12],[0,0,0],[1,1,1],[158,159,12],[176,176,163],[254,254,254],[232,232,232],[165,167,14],[7,8,2],67,69,[0,0,0],[0,0,1],[218,218,57],71,73,[251,252,63],[183,184,48],74,77,[0,0,0],[3,4,2],[166,167,14],[230,230,230],[180,181,170],[144,145,8],82,86,[0,0,0],[130,130,34],[251,252,62],[248,249,65],[81,81,18],90,94,[0,0,0],[144,146,8],[178,179,166],[178,179,106],[57,58,3],98,101,[0,0,0],[1,1,1],[187,188,50],[232,233,60],[229,230,59],[187,187,54],[1,1,1],107,110,[0,0,0],[51,53,1],[176,176,99],[151,153,25],[0,0,1],114,117,[0,0,0],[84,85,17],[237,237,62],[43,44,9],[19,19,4],[229,230,59],[119,120,29],[1,1,1],[0,0,3],[0,0,1],[0,0,2],[150,151,16],[167,169,25],[227,228,55],[228,228,57],131,133,[227,228,57],[232,233,59],[236,237,62],[20,20,5],[1,1,2],[225,227,59],[248,249,63],[251,252,64],[252,253,63],[251,252,63],[251,252,64],[175,175,22],[178,179,103],[251,252,62],146,150,[251,252,63],[248,249,63],[221,222,58],[219,219,57],[239,239,61],154,158,[251,252,63],[251,252,61],[178,178,100],[180,180,168],[249,249,51],162,165,[251,252,63],[251,252,64],[185,186,48],[36,36,7],[52,52,15],[88,88,23],[244,246,63],171,174,[251,252,63],[249,249,52],[178,179,167],[230,230,230],[202,203,29],178,181,[251,252,63],[233,234,60],[47,48,9],183,186,[0,0,0],[170,170,47],[251,251,63],188,190,[251,252,63],[202,202,31],[230,230,230],[255,255,255],[177,178,164],[238,238,45],195,197,[251,252,63],[139,141,34],198,202,[0,0,0],[10,11,2],[225,226,60],[251,252,63],[238,238,47],[177,177,164],[254,254,254],[255,255,255],[249,250,249],[165,166,130],[237,237,46],[207,208,52],[0,1,1],214,219,[0,0,0],[114,114,27],[237,238,45],[165,165,133],[249,249,249],223,226,[255,255,255],[249,249,249],[176,177,163],[166,166,14],[146,146,10],[53,53,4],231,233,[0,0,0],[56,56,2],[147,147,7],[165,166,15],[177,177,165],[250,250,250],238,244,[255,255,255],[230,230,230],[179,179,166],[175,176,99],[150,151,17],[152,151,18],[176,176,100],[179,179,166],[229,229,229],[254,254,254],253,256,[255,255,255]]}}'

PIC_PIKACHU='{"on":true,"bri":255,"seg":{"id":0,"i":[0,9,[255,255,255],9,11,[1,1,1],11,22,[255,255,255],22,31,[1,1,1],31,35,[255,255,255],35,38,[1,1,1],38,40,[255,249,31],40,43,[1,1,1],43,46,[255,249,31],[1,1,1],47,50,[255,255,255],[1,1,1],51,57,[255,249,31],[1,1,1],58,61,[255,249,31],[1,1,1],62,65,[255,255,255],[1,1,1],66,72,[255,249,31],72,74,[1,1,1],74,76,[255,249,31],[1,1,1],77,81,[255,255,255],[1,1,1],82,88,[255,249,31],[1,1,1],89,91,[255,249,31],[1,1,1],92,96,[255,255,255],[1,1,1],97,99,[255,249,31],[1,1,1],100,105,[255,249,31],[1,1,1],[255,249,31],107,110,[1,1,1],110,112,[255,255,255],[1,1,1],113,117,[255,249,31],[236,48,47],118,121,[255,249,31],121,123,[1,1,1],123,125,[255,249,31],[1,1,1],126,129,[255,255,255],[1,1,1],130,135,[255,249,31],135,138,[122,77,38],[1,1,1],[122,77,38],[1,1,1],141,145,[255,255,255],[1,1,1],[255,249,31],[1,1,1],148,154,[255,249,31],[1,1,1],155,157,[122,77,38],[1,1,1],158,161,[255,255,255],[1,1,1],[255,249,31],163,165,[1,1,1],165,167,[255,249,31],167,170,[122,77,38],[1,1,1],[122,77,38],[1,1,1],173,177,[255,255,255],177,179,[1,1,1],179,185,[255,249,31],185,188,[1,1,1],188,192,[255,255,255],[1,1,1],193,195,[255,249,31],[1,1,1],196,200,[255,249,31],200,202,[1,1,1],[255,249,31],[1,1,1],204,209,[255,255,255],209,211,[1,1,1],[255,255,255],212,216,[1,1,1],216,218,[255,249,31],[1,1,1],219,232,[255,255,255],232,234,[1,1,1],234,256,[255,255,255]]}}'

PIC_PIKACHU2='{"on":true,"bri":255,"seg":{"id":0,"i":[0,3,[246,246,246],[0,0,0],[252,215,52],[0,0,0],6,10,[246,246,246],10,13,[0,0,0],[252,215,50],14,16,[245,125,22],16,18,[246,246,246],[0,0,0],[252,215,52],[243,126,22],[0,0,0],22,24,[246,246,246],24,26,[0,0,0],26,28,[95,95,95],[0,0,0],[246,124,22],30,32,[245,125,22],32,34,[246,246,246],[0,0,0],35,38,[252,215,52],38,40,[0,0,0],40,42,[252,215,52],[95,95,95],[0,0,0],[245,125,20],45,47,[245,125,22],[0,1,0],[246,246,246],[0,0,0],50,58,[252,215,52],58,60,[0,0,0],60,62,[245,125,22],[0,0,0],[246,246,246],[0,0,0],65,73,[252,215,52],[245,125,22],[0,0,0],[95,95,95],[0,0,0],77,79,[245,125,22],[0,0,0],[254,254,254],81,90,[252,215,52],[0,0,0],91,93,[95,95,95],[0,0,0],[245,125,22],95,97,[0,0,0],97,106,[252,215,52],[245,125,22],107,109,[0,0,0],[245,125,22],[0,0,0],[246,246,246],112,116,[252,215,52],[254,254,254],[0,0,0],118,121,[252,215,52],121,123,[245,125,22],123,126,[0,0,0],126,128,[246,246,246],[0,0,0],129,132,[252,215,52],132,134,[0,0,0],[243,65,50],[243,65,52],[252,215,52],[245,125,22],138,140,[95,95,95],[0,0,0],141,145,[246,246,246],[0,0,0],[245,125,22],147,150,[252,215,52],[243,65,52],151,156,[245,125,22],[0,0,0],157,160,[246,246,246],[0,0,0],[252,215,52],162,168,[245,125,22],[0,1,0],169,171,[245,125,22],[95,95,95],[0,0,0],173,176,[246,246,246],176,179,[0,0,0],179,183,[252,215,52],[0,0,0],[252,215,52],185,188,[245,125,22],[0,0,0],189,193,[246,246,246],[0,0,0],[245,125,22],[0,0,0],196,200,[252,215,52],[0,0,0],201,204,[245,125,22],[0,0,0],205,209,[246,246,246],209,214,[0,0,0],214,219,[245,125,22],[0,0,0],220,230,[246,246,246],230,233,[0,0,0],[245,125,22],234,236,[0,0,0],236,247,[246,246,246],[0,0,0],248,250,[252,215,52],[246,124,22],[0,0,0],252,256,[246,246,246]]}}'

PIC_POKEMON='{"on":true,"bri":20,"seg":{"id":0,"i":[0,50,[0,181,255],50,51,[49,49,49],51,55,[0,181,255],55,56,[49,49,49],56,65,[0,181,255],65,66,[49,49,49],66,67,[197,230,148],67,68,[49,49,49],68,70,[0,181,255],70,71,[49,49,49],71,72,[197,230,148],72,73,[49,49,49],73,81,[0,181,255],81,82,[49,49,49],82,83,[197,230,148],83,86,[49,49,49],86,88,[197,230,148],88,92,[49,49,49],92,96,[0,181,255],96,97,[49,49,49],97,98,[107,173,123],98,99,[197,230,148],99,101,[107,173,123],101,103,[197,230,148],103,104,[107,173,123],104,105,[49,49,49],105,106,[107,173,123],106,108,[197,230,148],108,109,[49,49,49],109,112,[0,181,255],112,113,[49,49,49],113,114,[197,230,148],114,115,[255,255,255],115,116,[107,173,123],116,117,[197,230,148],117,118,[255,255,255],118,120,[197,230,148],120,122,[49,49,49],122,123,[107,173,123],123,124,[49,49,49],124,125,[197,230,148],125,126,[49,49,49],126,128,[0,181,255],128,129,[49,49,49],129,130,[197,230,148],130,131,[49,49,49],131,133,[197,230,148],133,134,[49,49,49],134,138,[197,230,148],138,139,[49,49,49],139,140,[107,173,123],140,143,[49,49,49],143,144,[0,181,255],144,145,[184,119,0],145,146,[49,49,49],146,152,[197,230,148],152,154,[107,173,123],154,155,[197,230,148],155,156,[49,49,49],156,157,[107,173,123],157,158,[197,230,148],158,159,[49,49,49],159,162,[184,119,0],162,166,[49,49,49],166,168,[197,230,148],168,170,[107,173,123],170,171,[197,230,148],171,172,[49,49,49],172,173,[107,173,123],173,175,[49,49,49],175,179,[184,119,0],179,180,[49,49,49],180,181,[107,173,123],181,186,[197,230,148],186,187,[107,173,123],187,188,[197,230,148],188,189,[49,49,49],189,190,[107,173,123],190,191,[49,49,49],191,195,[184,119,0],195,196,[49,49,49],196,197,[107,173,123],197,203,[197,230,148],203,204,[107,173,123],204,206,[49,49,49],206,211,[184,119,0],211,212,[49,49,49],212,213,[197,230,148],213,214,[49,49,49],214,215,[197,230,148],215,217,[107,173,123],217,218,[49,49,49],218,220,[107,173,123],220,221,[49,49,49],221,227,[184,119,0],227,228,[255,255,255],228,229,[49,49,49],229,230,[184,119,0],230,231,[255,255,255],231,233,[49,49,49],233,234,[255,255,255],234,236,[49,49,49],236,256,[184,119,0]]}}'

PIC_POKEMON_BULBIZARRE='{"on":true,"bri":255,"seg":{"id":0,"i":[0,50,[0,181,255],[49,49,49],51,55,[0,181,255],[49,49,49],56,65,[0,181,255],[49,49,49],[197,230,148],[49,49,49],68,70,[0,181,255],[49,49,49],[197,230,148],[49,49,49],73,81,[0,181,255],[49,49,49],[197,230,148],83,86,[49,49,49],86,88,[197,230,148],88,92,[49,49,49],92,96,[0,181,255],[49,49,49],[107,173,123],[197,230,148],99,101,[107,173,123],101,103,[197,230,148],[107,173,123],[49,49,49],[107,173,123],106,108,[197,230,148],[49,49,49],109,112,[0,181,255],[49,49,49],[197,230,148],[255,255,255],[107,173,123],[197,230,148],[255,255,255],118,120,[197,230,148],120,122,[49,49,49],[107,173,123],[49,49,49],[197,230,148],[49,49,49],126,128,[0,181,255],[49,49,49],[197,230,148],[49,49,49],131,133,[197,230,148],[49,49,49],134,138,[197,230,148],[49,49,49],[107,173,123],140,143,[49,49,49],[0,181,255],[184,119,0],[49,49,49],146,152,[197,230,148],152,154,[107,173,123],[197,230,148],[49,49,49],[107,173,123],[197,230,148],[49,49,49],159,162,[184,119,0],162,166,[49,49,49],166,168,[197,230,148],168,170,[107,173,123],[197,230,148],[49,49,49],[107,173,123],173,175,[49,49,49],175,179,[184,119,0],[49,49,49],[107,173,123],181,186,[197,230,148],[107,173,123],[197,230,148],[49,49,49],[107,173,123],[49,49,49],191,195,[184,119,0],[49,49,49],[107,173,123],197,203,[197,230,148],[107,173,123],204,206,[49,49,49],206,211,[184,119,0],[49,49,49],[197,230,148],[49,49,49],[197,230,148],215,217,[107,173,123],[49,49,49],218,220,[107,173,123],[49,49,49],221,227,[184,119,0],[255,255,255],[49,49,49],[184,119,0],[255,255,255],231,233,[49,49,49],[255,255,255],234,236,[49,49,49],236,256,[184,119,0]]}}'

PIC_POKEMON_CARABAFFE='{"on":true,"bri":255,"seg":{"id":0,"i":[0,26,[0,181,255],26,31,[49,49,49],31,41,[0,181,255],[49,49,49],42,47,[255,255,255],[49,49,49],48,57,[0,181,255],[49,49,49],58,60,[255,255,255],[49,49,49],61,63,[255,255,255],[49,49,49],64,73,[0,181,255],[49,49,49],[214,230,255],[255,255,255],[214,230,255],77,79,[49,49,49],79,90,[0,181,255],90,92,[49,49,49],92,95,[255,255,255],[49,49,49],96,101,[0,181,255],101,103,[49,49,49],103,108,[0,181,255],[49,49,49],[214,230,255],[255,255,255],[49,49,49],112,116,[0,181,255],[49,49,49],[255,255,255],[49,49,49],119,121,[0,181,255],121,126,[49,49,49],[214,230,255],[49,49,49],128,130,[0,181,255],130,132,[49,49,49],[58,197,230],[255,255,255],[49,49,49],[0,181,255],[49,49,49],[58,197,230],[49,49,49],[58,197,230],[49,49,49],[58,197,230],[49,49,49],[0,181,255],[184,119,0],[49,49,49],146,148,[214,230,255],[58,197,230],[49,49,49],[184,119,0],[49,49,49],[58,197,230],[49,49,49],[58,197,230],[49,49,49],[58,197,230],[49,49,49],[58,197,230],[49,49,49],[184,119,0],[49,49,49],[214,230,255],[58,197,230],[255,255,255],[214,230,255],[49,49,49],[255,255,255],[58,197,230],[49,49,49],[58,197,230],[49,49,49],[58,197,230],[49,49,49],[255,255,255],175,177,[49,49,49],[58,197,230],178,180,[214,230,255],[49,49,49],[214,230,255],[58,197,230],[49,49,49],184,190,[255,255,255],[49,49,49],[184,119,0],[49,49,49],193,195,[58,197,230],195,199,[214,230,255],[58,197,230],200,206,[49,49,49],[214,230,255],[49,49,49],[184,119,0],209,213,[49,49,49],[58,197,230],214,223,[214,230,255],[49,49,49],224,229,[184,119,0],[49,49,49],230,233,[58,197,230],233,238,[214,230,255],[49,49,49],239,246,[184,119,0],246,254,[49,49,49],254,256,[184,119,0]]}}'

PIC_POKEMON_CARAPUCE='{"on":true,"bri":255,"seg":{"id":0,"i":[0,2,[0,181,255],2,6,[49,49,49],6,17,[0,181,255],[49,49,49],18,21,[58,197,230],[214,230,255],[49,49,49],23,32,[0,181,255],[49,49,49],[58,197,230],[255,255,255],[214,230,255],[255,255,255],37,39,[214,230,255],[49,49,49],40,48,[0,181,255],[49,49,49],[58,197,230],[49,49,49],[214,230,255],[49,49,49],53,55,[214,230,255],[49,49,49],56,64,[0,181,255],[49,49,49],[58,197,230],66,69,[214,230,255],[58,197,230],[214,230,255],71,75,[49,49,49],75,80,[0,181,255],[49,49,49],81,83,[58,197,230],83,86,[214,230,255],[58,197,230],[49,49,49],[255,255,255],[49,49,49],[58,197,230],[49,49,49],92,97,[0,181,255],97,99,[49,49,49],99,102,[58,197,230],102,104,[214,230,255],[49,49,49],[255,255,255],106,108,[49,49,49],108,113,[0,181,255],[49,49,49],114,118,[255,255,255],118,120,[214,230,255],[49,49,49],[255,255,255],122,124,[58,197,230],[49,49,49],125,128,[0,181,255],[49,49,49],[214,230,255],[58,197,230],131,133,[255,255,255],[49,49,49],[214,230,255],[58,197,230],[49,49,49],[255,255,255],138,141,[49,49,49],141,144,[0,181,255],144,146,[49,49,49],[255,255,255],147,149,[58,197,230],149,151,[49,49,49],[58,197,230],[49,49,49],[255,255,255],154,156,[58,197,230],[49,49,49],157,161,[184,119,0],[49,49,49],[58,197,230],163,166,[255,255,255],[58,197,230],[214,230,255],[49,49,49],[255,255,255],[58,197,230],[49,49,49],172,177,[184,119,0],[49,49,49],[255,255,255],179,182,[58,197,230],[255,255,255],[214,230,255],[49,49,49],[255,255,255],[49,49,49],187,194,[184,119,0],[49,49,49],195,199,[255,255,255],199,201,[49,49,49],[255,255,255],202,206,[49,49,49],206,209,[184,119,0],[49,49,49],[58,197,230],211,215,[49,49,49],215,217,[58,197,230],[49,49,49],[58,197,230],[214,230,255],[58,197,230],[214,230,255],[49,49,49],223,225,[184,119,0],[49,49,49],226,228,[58,197,230],[49,49,49],[184,119,0],[49,49,49],[58,197,230],[214,230,255],233,236,[49,49,49],236,238,[214,230,255],[49,49,49],239,241,[184,119,0],241,244,[49,49,49],244,247,[184,119,0],247,249,[49,49,49],249,251,[184,119,0],251,254,[49,49,49],254,256,[184,119,0]]}}'

PIC_POKEMON_DRACAUFEU='{"on":true,"bri":255,"seg":{"id":0,"i":[0,3,[0,181,255],3,11,[49,49,49],11,17,[0,181,255],17,19,[49,49,49],[255,197,90],[255,255,255],21,26,[255,197,90],[49,49,49],27,30,[0,181,255],[49,49,49],[0,181,255],[49,49,49],33,36,[255,197,90],[49,49,49],37,40,[255,197,90],40,42,[49,49,49],42,45,[0,181,255],[49,49,49],[255,197,90],47,49,[49,49,49],[214,74,49],50,55,[255,197,90],[214,74,49],[49,49,49],57,61,[0,181,255],[49,49,49],[255,197,90],[49,49,49],[0,181,255],65,70,[49,49,49],70,72,[214,74,49],[49,49,49],73,76,[0,181,255],[49,49,49],[255,197,90],78,81,[49,49,49],[214,74,49],[49,49,49],[0,181,255],[49,49,49],85,87,[214,74,49],[49,49,49],88,90,[0,181,255],90,92,[49,49,49],[255,197,90],93,95,[214,74,49],95,98,[49,49,49],[214,74,49],[49,49,49],100,102,[214,74,49],[49,49,49],[0,181,255],104,106,[49,49,49],106,108,[255,197,90],[214,74,49],[255,255,255],[214,74,49],111,114,[49,49,49],[214,74,49],[49,49,49],[214,74,49],117,119,[255,197,90],[49,49,49],120,122,[255,197,90],[49,49,49],123,125,[214,74,49],[255,197,90],[255,255,255],127,132,[49,49,49],[214,74,49],[255,255,255],[255,197,90],[214,74,49],136,138,[49,49,49],138,140,[214,74,49],[255,197,90],141,144,[255,255,255],[49,49,49],145,147,[184,119,0],[49,49,49],148,151,[255,255,255],[255,197,90],[214,74,49],153,156,[49,49,49],[255,197,90],157,160,[255,255,255],160,162,[184,119,0],[49,49,49],[214,74,49],[49,49,49],[255,255,255],[49,49,49],167,169,[255,197,90],[49,49,49],170,173,[184,119,0],[255,255,255],[255,197,90],175,178,[184,119,0],[49,49,49],[214,74,49],[49,49,49],[255,255,255],182,184,[49,49,49],184,186,[255,197,90],[49,49,49],[184,119,0],[49,49,49],[255,197,90],[49,49,49],191,194,[184,119,0],[49,49,49],[214,74,49],196,200,[255,255,255],200,202,[214,74,49],[255,197,90],[49,49,49],204,206,[255,197,90],[49,49,49],207,210,[184,119,0],[49,49,49],[214,74,49],212,216,[255,255,255],[214,74,49],217,219,[255,197,90],[49,49,49],220,222,[214,74,49],[49,49,49],223,225,[184,119,0],[49,49,49],226,230,[214,74,49],230,232,[49,49,49],[214,74,49],233,235,[255,197,90],235,238,[49,49,49],238,241,[184,119,0],[255,255,255],242,246,[49,49,49],[184,119,0],[255,255,255],[49,49,49],[255,255,255],[49,49,49],251,256,[184,119,0]]}}'

PIC_POKEMON_FLORIZARRE='{"on":true,"bri":255,"seg":{"id":0,"i":[0,2,[0,181,255],[49,49,49],3,5,[107,173,123],5,7,[255,255,255],[107,173,123],[49,49,49],[107,173,123],10,12,[255,255,255],12,14,[107,173,123],[49,49,49],15,18,[0,181,255],[49,49,49],[255,255,255],20,22,[49,49,49],22,25,[255,255,255],25,27,[107,173,123],[49,49,49],[255,255,255],[107,173,123],[49,49,49],31,35,[0,181,255],[49,49,49],[0,181,255],[49,49,49],[107,173,123],39,41,[49,49,49],[107,173,123],[49,49,49],[0,181,255],44,46,[49,49,49],46,54,[0,181,255],[49,49,49],55,57,[197,230,148],[49,49,49],58,66,[0,181,255],66,77,[49,49,49],77,81,[0,181,255],[49,49,49],[255,255,255],[107,173,123],84,86,[49,49,49],[107,173,123],[49,49,49],[107,173,123],89,92,[49,49,49],[107,173,123],93,95,[49,49,49],[0,181,255],[49,49,49],[255,255,255],[107,173,123],99,101,[49,49,49],[255,255,255],102,105,[107,173,123],105,107,[49,49,49],107,111,[107,173,123],111,113,[49,49,49],[107,173,123],[49,49,49],[197,230,148],[49,49,49],[255,255,255],[107,173,123],119,121,[49,49,49],[197,230,148],[49,49,49],[107,173,123],[49,49,49],[107,173,123],[255,255,255],[49,49,49],[0,181,255],[49,49,49],130,133,[197,230,148],133,135,[49,49,49],135,139,[197,230,148],[49,49,49],[197,230,148],141,144,[49,49,49],[184,119,0],[49,49,49],[197,230,148],[255,255,255],148,151,[197,230,148],[255,255,255],152,154,[197,230,148],[107,173,123],[49,49,49],156,158,[197,230,148],[49,49,49],159,161,[184,119,0],[49,49,49],[197,230,148],[49,49,49],164,167,[197,230,148],[49,49,49],168,170,[197,230,148],[107,173,123],[49,49,49],172,174,[107,173,123],[49,49,49],175,177,[184,119,0],[49,49,49],[107,173,123],179,184,[197,230,148],[107,173,123],[197,230,148],186,190,[107,173,123],[49,49,49],191,194,[184,119,0],194,203,[49,49,49],203,205,[107,173,123],[49,49,49],[255,255,255],207,210,[184,119,0],[49,49,49],211,213,[107,173,123],[49,49,49],214,217,[184,119,0],[49,49,49],[107,173,123],[197,230,148],[49,49,49],221,226,[184,119,0],[255,255,255],[49,49,49],[255,255,255],229,233,[184,119,0],[255,255,255],234,236,[49,49,49],[255,255,255],237,256,[184,119,0]]}}'

PIC_POKEMON_HERBIZARRE='{"on":true,"bri":255,"seg":{"id":0,"i":[0,38,[0,181,255],38,41,[49,49,49],[0,181,255],[49,49,49],[0,181,255],[49,49,49],45,54,[0,181,255],[49,49,49],[255,255,255],[107,173,123],[49,49,49],[197,230,148],[49,49,49],[107,173,123],[49,49,49],62,68,[0,181,255],68,70,[49,49,49],70,72,[107,173,123],72,74,[49,49,49],[107,173,123],75,78,[197,230,148],[49,49,49],79,81,[0,181,255],81,85,[49,49,49],[255,255,255],[49,49,49],[107,173,123],[49,49,49],89,91,[197,230,148],[255,255,255],[197,230,148],[107,173,123],[197,230,148],95,97,[49,49,49],97,99,[255,255,255],[107,173,123],[49,49,49],[255,255,255],[107,173,123],[49,49,49],104,106,[107,173,123],[197,230,148],[49,49,49],108,111,[197,230,148],111,114,[49,49,49],114,116,[107,173,123],[49,49,49],[107,173,123],118,120,[49,49,49],120,122,[107,173,123],122,127,[197,230,148],127,129,[49,49,49],[107,173,123],130,136,[49,49,49],136,139,[197,230,148],139,143,[49,49,49],[0,181,255],[184,119,0],[49,49,49],[107,173,123],147,149,[49,49,49],[107,173,123],[49,49,49],151,157,[197,230,148],[49,49,49],158,162,[184,119,0],162,164,[49,49,49],[107,173,123],165,167,[49,49,49],167,169,[107,173,123],169,171,[197,230,148],[107,173,123],[197,230,148],[49,49,49],174,179,[184,119,0],[49,49,49],180,182,[107,173,123],[49,49,49],183,185,[107,173,123],[49,49,49],186,190,[197,230,148],[49,49,49],191,195,[184,119,0],[49,49,49],[255,255,255],197,199,[49,49,49],[107,173,123],200,202,[49,49,49],202,204,[197,230,148],[107,173,123],205,207,[49,49,49],207,211,[184,119,0],211,213,[49,49,49],[184,119,0],[49,49,49],[107,173,123],216,220,[197,230,148],[107,173,123],[49,49,49],222,230,[184,119,0],[49,49,49],231,233,[107,173,123],[49,49,49],[107,173,123],235,238,[197,230,148],[49,49,49],239,246,[184,119,0],[49,49,49],[255,255,255],[49,49,49],[255,255,255],250,252,[49,49,49],[255,255,255],[49,49,49],[255,255,255],[184,119,0]]}}'

PIC_POKEMON_PIKACHU='{"on":true,"bri":255,"seg":{"id":0,"i":[0,2,[49,49,49],2,7,[0,181,255],7,9,[49,49,49],9,16,[0,181,255],16,18,[49,49,49],18,22,[0,181,255],22,25,[49,49,49],25,31,[0,181,255],31,33,[49,49,49],[255,255,156],[49,49,49],35,37,[0,181,255],[49,49,49],[255,255,156],39,41,[49,49,49],41,46,[0,181,255],46,49,[49,49,49],[230,189,74],50,53,[49,49,49],[255,255,156],[255,255,255],[49,49,49],56,61,[0,181,255],[49,49,49],[255,255,255],63,65,[49,49,49],[230,189,74],66,69,[255,255,156],69,71,[255,255,255],[49,49,49],72,76,[0,181,255],[49,49,49],77,79,[255,255,255],79,81,[49,49,49],[255,255,255],82,84,[255,255,156],[255,255,255],[255,255,156],[255,255,255],[49,49,49],88,91,[0,181,255],[49,49,49],[255,255,156],93,95,[255,255,255],95,98,[49,49,49],98,100,[255,255,156],[49,49,49],[255,255,156],102,104,[255,255,255],[49,49,49],[0,181,255],[49,49,49],[255,255,156],108,111,[255,255,255],[49,49,49],[230,189,74],113,118,[255,255,156],[230,189,74],[255,255,255],[49,49,49],[0,181,255],[49,49,49],[255,255,156],124,126,[255,255,255],[49,49,49],127,129,[0,181,255],129,133,[49,49,49],133,135,[255,255,156],[255,255,255],[49,49,49],[0,181,255],[49,49,49],139,141,[255,255,156],[49,49,49],142,144,[0,181,255],144,146,[184,119,0],[49,49,49],[230,189,74],148,151,[255,255,156],[255,255,255],[230,189,74],[49,49,49],[184,119,0],[49,49,49],[255,255,156],[49,49,49],158,162,[184,119,0],[49,49,49],[230,189,74],[255,255,156],[49,49,49],[255,255,156],167,169,[230,189,74],[49,49,49],170,172,[184,119,0],[49,49,49],[255,255,156],[49,49,49],175,178,[184,119,0],[49,49,49],[230,189,74],[255,255,156],181,183,[49,49,49],183,185,[255,255,255],[49,49,49],[184,119,0],[49,49,49],[255,255,156],[49,49,49],190,193,[184,119,0],[49,49,49],[230,189,74],195,199,[255,255,156],199,201,[230,189,74],201,203,[49,49,49],[230,189,74],[49,49,49],205,209,[184,119,0],[49,49,49],[230,189,74],211,216,[255,255,156],[230,189,74],[49,49,49],[230,189,74],219,221,[49,49,49],221,225,[184,119,0],[49,49,49],226,230,[230,189,74],230,233,[255,255,156],233,235,[49,49,49],235,240,[184,119,0],240,250,[49,49,49],250,256,[184,119,0]]}}'

PIC_POKEMON_REPTINCEL='{"on":true,"bri":255,"seg":{"id":0,"i":[0,4,[0,181,255],[49,49,49],5,19,[0,181,255],[49,49,49],[255,197,90],[49,49,49],22,34,[0,181,255],34,36,[49,49,49],[255,197,90],[49,49,49],38,42,[0,181,255],42,44,[214,74,49],44,49,[0,181,255],[49,49,49],[214,74,49],51,54,[255,197,90],[49,49,49],55,59,[0,181,255],[255,197,90],60,62,[214,74,49],62,65,[0,181,255],[49,49,49],66,71,[255,197,90],[49,49,49],72,76,[0,181,255],76,78,[214,74,49],[255,197,90],79,81,[0,181,255],[49,49,49],[255,197,90],[255,255,255],84,88,[255,197,90],[49,49,49],89,92,[0,181,255],[214,74,49],[255,197,90],[214,74,49],[0,181,255],[49,49,49],97,99,[255,197,90],[49,49,49],100,105,[255,197,90],[49,49,49],[0,181,255],[214,74,49],108,110,[255,197,90],[214,74,49],[0,181,255],[49,49,49],[214,74,49],114,117,[255,197,90],[49,49,49],[255,197,90],[214,74,49],[255,197,90],[49,49,49],[0,181,255],[214,74,49],124,126,[255,197,90],[214,74,49],[0,181,255],128,133,[49,49,49],133,135,[255,197,90],[49,49,49],136,138,[255,197,90],[49,49,49],139,141,[0,181,255],[214,74,49],142,144,[0,181,255],144,146,[184,119,0],146,148,[49,49,49],148,150,[214,74,49],[255,197,90],[49,49,49],152,154,[255,197,90],[49,49,49],[184,119,0],[49,49,49],[255,197,90],[49,49,49],159,161,[184,119,0],[49,49,49],[214,74,49],[49,49,49],[214,74,49],[255,255,255],[214,74,49],[49,49,49],[255,197,90],169,171,[49,49,49],[184,119,0],[49,49,49],[255,197,90],[49,49,49],[184,119,0],[49,49,49],[255,197,90],[214,74,49],[49,49,49],180,182,[214,74,49],[49,49,49],183,185,[255,197,90],185,188,[49,49,49],[214,74,49],[255,197,90],[49,49,49],[184,119,0],[49,49,49],[255,197,90],[214,74,49],[49,49,49],[214,74,49],[255,255,255],198,201,[49,49,49],[214,74,49],[49,49,49],203,206,[214,74,49],[49,49,49],[184,119,0],[49,49,49],209,211,[255,255,255],[214,74,49],[255,197,90],213,217,[214,74,49],217,219,[255,197,90],[49,49,49],[214,74,49],[49,49,49],222,226,[184,119,0],[49,49,49],227,229,[255,197,90],229,232,[49,49,49],232,234,[214,74,49],[255,197,90],235,237,[49,49,49],237,241,[184,119,0],241,243,[255,255,255],[49,49,49],[255,255,255],[49,49,49],[184,119,0],247,249,[255,255,255],[49,49,49],[255,255,255],[49,49,49],252,256,[184,119,0]]}}'

PIC_POKEMON_SALAMECHE='{"on":true,"bri":255,"seg":{"id":0,"i":[0,3,[0,181,255],3,7,[49,49,49],7,18,[0,181,255],[49,49,49],19,23,[255,197,90],[49,49,49],24,33,[0,181,255],[49,49,49],34,36,[255,197,90],[255,255,255],37,40,[255,197,90],[49,49,49],41,48,[0,181,255],[49,49,49],49,52,[255,197,90],[49,49,49],53,56,[255,197,90],[49,49,49],57,59,[0,181,255],[255,197,90],60,64,[0,181,255],[49,49,49],65,72,[255,197,90],[49,49,49],73,76,[0,181,255],[255,197,90],77,81,[0,181,255],81,83,[49,49,49],[214,74,49],84,88,[255,197,90],[49,49,49],89,92,[0,181,255],92,94,[214,74,49],94,99,[0,181,255],[49,49,49],100,102,[214,74,49],102,105,[255,197,90],[49,49,49],[0,181,255],[255,197,90],108,110,[214,74,49],110,115,[0,181,255],[49,49,49],116,118,[255,255,255],118,121,[255,197,90],[49,49,49],[0,181,255],123,125,[255,197,90],[214,74,49],126,131,[0,181,255],[49,49,49],132,135,[255,255,255],[214,74,49],[255,197,90],[49,49,49],138,140,[0,181,255],[214,74,49],141,144,[0,181,255],144,146,[184,119,0],[49,49,49],[214,74,49],148,150,[255,255,255],[49,49,49],151,153,[255,197,90],[49,49,49],[184,119,0],[49,49,49],[255,197,90],[49,49,49],158,162,[184,119,0],162,164,[49,49,49],164,166,[255,255,255],166,168,[49,49,49],[214,74,49],[49,49,49],[184,119,0],[49,49,49],[255,197,90],[49,49,49],174,179,[184,119,0],[49,49,49],180,184,[255,255,255],184,186,[255,197,90],[49,49,49],[214,74,49],[255,197,90],[49,49,49],190,195,[184,119,0],[49,49,49],196,200,[255,255,255],200,202,[255,197,90],[49,49,49],203,205,[214,74,49],[49,49,49],206,210,[184,119,0],[49,49,49],[214,74,49],[49,49,49],213,216,[255,255,255],216,218,[214,74,49],218,221,[49,49,49],221,226,[184,119,0],[49,49,49],227,229,[214,74,49],229,232,[49,49,49],[214,74,49],[255,197,90],[49,49,49],235,241,[184,119,0],[255,255,255],[49,49,49],[255,255,255],244,246,[49,49,49],246,248,[184,119,0],[49,49,49],[255,255,255],[49,49,49],[255,255,255],252,256,[184,119,0]]}}'

PIC_POKEMON_TORTANK='{"on":true,"bri":255,"seg":{"id":0,"i":[0,3,[0,181,255],3,8,[49,49,49],8,18,[0,181,255],[49,49,49],19,24,[214,230,255],[49,49,49],25,33,[0,181,255],[49,49,49],[58,197,230],[214,230,255],[255,255,255],37,40,[214,230,255],[58,197,230],[49,49,49],42,49,[0,181,255],[49,49,49],[58,197,230],[214,230,255],[49,49,49],53,56,[214,230,255],[49,49,49],57,65,[0,181,255],[49,49,49],66,68,[58,197,230],68,72,[214,230,255],[58,197,230],[49,49,49],74,82,[0,181,255],82,93,[49,49,49],93,96,[0,181,255],96,98,[49,49,49],98,100,[255,255,255],[49,49,49],101,104,[58,197,230],104,106,[214,230,255],106,108,[49,49,49],[255,255,255],109,111,[49,49,49],[0,181,255],[49,49,49],[58,197,230],114,116,[255,255,255],116,122,[49,49,49],[58,197,230],[49,49,49],[255,255,255],[58,197,230],[255,255,255],127,132,[49,49,49],132,136,[58,197,230],136,138,[214,230,255],138,144,[49,49,49],144,146,[184,119,0],[49,49,49],147,156,[58,197,230],[49,49,49],157,161,[184,119,0],161,163,[49,49,49],163,165,[58,197,230],165,171,[49,49,49],[58,197,230],172,174,[49,49,49],174,176,[184,119,0],[49,49,49],[214,230,255],178,181,[49,49,49],181,184,[58,197,230],184,186,[214,230,255],[58,197,230],187,189,[49,49,49],[214,230,255],[49,49,49],[184,119,0],[49,49,49],[58,197,230],[49,49,49],195,204,[58,197,230],[49,49,49],[58,197,230],[49,49,49],207,209,[184,119,0],[49,49,49],[184,119,0],211,220,[49,49,49],[214,230,255],[49,49,49],222,227,[184,119,0],[49,49,49],228,230,[58,197,230],[49,49,49],231,234,[184,119,0],[49,49,49],235,237,[58,197,230],[49,49,49],238,242,[184,119,0],[255,255,255],[49,49,49],[255,255,255],245,247,[49,49,49],247,250,[184,119,0],250,252,[49,49,49],[255,255,255],[49,49,49],[255,255,255],[184,119,0]]}}'

PIC_SEALION='{"on":true,"bri":255,"seg":{"id":0,"i":[0,25,[57,57,230],25,30,[0,0,0],30,40,[57,57,230],40,42,[0,0,0],[66,66,66],43,45,[0,0,0],45,56,[57,57,230],56,61,[0,0,0],61,72,[57,57,230],72,76,[0,0,0],[63,63,63],77,88,[57,57,230],88,93,[0,0,0],93,103,[57,57,230],[80,80,80],104,109,[0,0,0],109,117,[57,57,230],[75,75,75],118,125,[0,0,0],125,130,[57,57,230],[69,69,69],131,140,[0,0,0],[40,40,40],141,146,[57,57,230],146,157,[0,0,0],157,161,[57,57,230],161,168,[0,0,0],[84,84,84],169,173,[0,0,0],173,176,[57,57,230],[255,183,24],177,186,[0,0,0],[255,183,24],187,189,[0,0,0],189,192,[255,183,24],[82,82,102],[0,0,0],[19,19,19],[78,78,78],196,199,[0,0,0],[57,57,57],200,202,[0,0,0],202,204,[255,183,24],204,206,[0,0,0],206,209,[255,183,24],209,212,[0,0,0],212,215,[255,183,24],215,218,[0,0,0],218,221,[255,183,24],[36,36,36],[0,0,0],223,230,[255,183,24],230,232,[0,0,0],232,256,[255,183,24]]}}'

PIC_SS='{"on":true,"bri":255,"seg":{"id":0,"i":[0,20,[0,0,0],20,22,[255,255,255],22,28,[0,0,0],28,30,[255,255,255],30,35,[0,0,0],35,38,[255,255,255],38,43,[0,0,0],43,46,[255,255,255],46,51,[0,0,0],51,53,[255,255,255],53,59,[0,0,0],59,61,[255,255,255],61,67,[0,0,0],67,69,[255,255,255],69,75,[0,0,0],75,77,[255,255,255],77,82,[0,0,0],82,85,[255,255,255],85,90,[0,0,0],90,93,[255,255,255],93,98,[0,0,0],98,103,[255,255,255],103,106,[0,0,0],106,111,[255,255,255],111,113,[0,0,0],113,119,[255,255,255],119,121,[0,0,0],121,127,[255,255,255],127,129,[0,0,0],129,131,[255,255,255],[0,0,0],132,134,[255,255,255],134,137,[0,0,0],137,139,[255,255,255],[0,0,0],140,142,[255,255,255],142,148,[0,0,0],148,150,[255,255,255],150,156,[0,0,0],156,158,[255,255,255],158,163,[0,0,0],163,165,[255,255,255],165,171,[0,0,0],171,174,[255,255,255],174,179,[0,0,0],179,181,[255,255,255],181,187,[0,0,0],187,189,[255,255,255],189,194,[0,0,0],194,197,[255,255,255],197,202,[0,0,0],202,205,[255,255,255],205,210,[0,0,0],210,212,[255,255,255],212,218,[0,0,0],218,220,[255,255,255],220,225,[0,0,0],225,227,[255,255,255],227,233,[0,0,0],233,235,[255,255,255],235,256,[0,0,0]]}}'

PIC_SWASTIKA='{"on":true,"bri":20,"seg":{"id":0,"i":[0,6,[221,0,0],6,7,[223,60,60],7,8,[228,119,119],8,9,[229,126,126],9,10,[225,87,87],10,20,[221,0,0],20,21,[230,133,133],21,22,[246,220,220],22,23,[255,253,253],23,24,[228,228,228],24,25,[190,190,190],25,26,[255,255,255],26,27,[250,236,236],27,28,[236,173,173],28,29,[222,34,34],29,34,[221,0,0],34,35,[221,11,11],35,36,[240,193,193],36,38,[255,255,255],38,39,[228,228,228],39,40,[65,65,65],40,41,[0,0,0],41,42,[215,215,215],42,44,[255,255,255],44,45,[248,229,229],45,46,[225,85,85],46,50,[221,0,0],50,51,[240,192,192],51,53,[255,255,255],53,54,[228,228,228],54,55,[66,66,66],55,56,[0,0,0],56,57,[165,165,165],57,58,[254,254,254],58,61,[255,255,255],61,62,[250,234,234],62,63,[223,58,58],63,65,[221,0,0],65,66,[229,127,127],66,68,[255,255,255],68,69,[228,228,228],69,70,[66,66,66],70,71,[0,0,0],71,72,[165,165,165],72,74,[254,254,254],74,75,[167,167,167],75,76,[185,185,185],76,78,[255,255,255],78,79,[241,196,196],79,81,[221,0,0],81,82,[245,216,216],82,84,[255,255,255],84,85,[141,141,141],85,86,[0,0,0],86,87,[58,58,58],87,88,[242,242,242],88,89,[254,254,254],89,90,[167,167,167],90,91,[0,0,0],91,92,[1,1,1],92,93,[186,186,186],93,94,[255,255,255],94,95,[254,250,250],95,96,[223,67,67],96,97,[222,41,41],97,98,[254,251,251],98,99,[246,246,246],99,100,[255,255,255],100,101,[248,248,248],101,102,[127,127,127],102,103,[0,0,0],103,104,[107,107,107],104,105,[161,161,161],105,106,[0,0,0],106,107,[60,60,60],107,108,[41,41,41],108,109,[0,0,0],109,110,[186,186,186],110,111,[255,255,255],111,112,[233,154,154],112,113,[226,102,102],113,114,[228,228,228],114,115,[66,66,66],115,116,[201,201,201],116,117,[255,255,255],117,118,[248,248,248],118,119,[127,127,127],119,121,[0,0,0],121,122,[63,63,63],122,123,[227,227,227],123,124,[216,216,216],124,125,[40,40,40],125,126,[0,0,0],126,127,[186,186,186],127,128,[238,182,182],128,129,[227,108,108],129,130,[205,205,205],130,131,[14,14,14],131,132,[8,8,8],132,133,[202,202,202],133,134,[254,254,254],134,135,[165,165,165],135,137,[0,0,0],137,138,[102,102,102],138,139,[243,243,243],139,140,[255,255,255],140,141,[216,216,216],141,142,[38,38,38],142,143,[147,147,147],143,144,[238,184,184],144,145,[223,60,60],145,146,[255,254,254],146,147,[203,203,203],147,148,[14,14,14],148,149,[6,6,6],149,150,[132,132,132],150,151,[0,0,0],151,152,[63,63,63],152,153,[118,118,118],153,154,[0,0,0],154,155,[107,107,107],155,156,[243,243,243],156,157,[255,255,255],157,158,[226,226,226],158,159,[252,252,252],159,160,[235,164,164],160,161,[221,0,0],161,162,[248,226,226],162,163,[255,255,255],163,164,[204,204,204],164,165,[15,15,15],165,166,[0,0,0],166,167,[63,63,63],167,168,[227,227,227],168,169,[248,248,248],169,170,[124,124,124],170,171,[0,0,0],171,172,[107,107,107],172,173,[245,245,245],173,174,[255,255,255],174,175,[255,254,254],175,176,[225,93,93],176,177,[221,0,0],177,178,[233,156,156],178,180,[255,255,255],180,181,[204,204,204],181,182,[66,66,66],182,183,[227,227,227],183,184,[255,255,255],184,185,[236,236,236],185,186,[87,87,87],186,187,[0,0,0],187,188,[147,147,147],188,189,[252,252,252],189,190,[255,255,255],190,191,[245,213,213],191,193,[221,0,0],193,194,[221,6,6],194,195,[246,218,218],195,197,[255,255,255],197,198,[245,245,245],198,199,[255,255,255],199,200,[236,236,236],200,201,[86,86,86],201,202,[0,0,0],202,203,[147,147,147],203,204,[252,252,252],204,205,[255,255,255],205,206,[253,247,247],206,207,[225,95,95],207,210,[221,0,0],210,211,[223,64,64],211,212,[247,224,224],212,214,[255,255,255],214,215,[249,249,249],215,216,[87,87,87],216,217,[0,0,0],217,218,[146,146,146],218,219,[252,252,252],219,220,[255,255,255],220,221,[253,246,246],221,222,[229,127,127],222,227,[221,0,0],227,228,[222,34,34],228,229,[238,180,180],229,230,[253,246,246],230,231,[255,255,255],231,232,[203,203,203],232,233,[148,148,148],233,234,[252,252,252],234,235,[255,253,253],235,236,[244,209,209],236,237,[225,91,91],237,245,[221,0,0],245,246,[222,42,42],246,247,[231,139,139],247,248,[236,171,171],248,249,[236,173,173],249,250,[233,155,155],250,251,[224,80,80],251,256,[221,0,0]]}}'

PIC_SWASTIKA2='{"on":true,"bri":255,"seg":{"id":0,"i":[0,3,[0,0,0],3,6,[255,255,255],6,15,[0,0,0],[255,255,255],16,19,[0,0,0],19,22,[255,255,255],22,31,[0,0,0],[255,255,255],32,35,[0,0,0],35,38,[255,255,255],38,47,[0,0,0],[255,255,255],48,51,[0,0,0],51,54,[255,255,255],54,57,[0,0,0],57,64,[255,255,255],64,67,[0,0,0],67,70,[255,255,255],70,73,[0,0,0],73,80,[255,255,255],80,83,[0,0,0],83,86,[255,255,255],86,89,[0,0,0],89,96,[255,255,255],96,111,[0,0,0],[255,255,255],112,127,[0,0,0],[255,255,255],128,143,[0,0,0],143,150,[255,255,255],150,153,[0,0,0],153,156,[255,255,255],156,159,[0,0,0],159,166,[255,255,255],166,169,[0,0,0],169,172,[255,255,255],172,175,[0,0,0],175,182,[255,255,255],182,185,[0,0,0],185,188,[255,255,255],188,191,[0,0,0],[255,255,255],192,201,[0,0,0],201,204,[255,255,255],204,207,[0,0,0],[255,255,255],208,217,[0,0,0],217,220,[255,255,255],220,223,[0,0,0],[255,255,255],224,233,[0,0,0],233,236,[255,255,255],236,239,[0,0,0],239,256,[255,255,255]]}}'

PIC_SWASTIKA3='{"on":true,"bri":255,"seg":{"id":0,"i":[0,15,[255,0,0],[0,0,0],16,31,[255,0,0],[0,0,0],32,36,[255,0,0],[255,127,127],[255,204,204],[255,242,242],[255,255,255],[255,242,242],[255,204,204],[255,127,127],43,47,[255,0,0],[0,0,0],48,51,[255,0,0],[255,167,167],[255,243,243],53,58,[255,255,255],[255,243,243],[255,167,167],60,63,[255,0,0],[0,0,0],64,66,[255,0,0],[255,127,127],[255,243,243],68,75,[255,255,255],[255,243,243],[255,127,127],77,79,[255,0,0],[0,0,0],80,82,[255,0,0],[255,204,204],83,85,[255,255,255],[0,0,0],[255,255,255],87,90,[0,0,0],90,92,[255,255,255],[255,204,204],93,95,[255,0,0],[0,0,0],96,98,[255,0,0],[255,242,242],99,101,[255,255,255],[0,0,0],[255,255,255],[0,0,0],104,108,[255,255,255],[255,242,242],109,111,[255,0,0],[0,0,0],112,114,[255,0,0],114,117,[255,255,255],117,122,[0,0,0],122,125,[255,255,255],125,127,[255,0,0],[0,0,0],128,130,[255,0,0],[255,242,242],131,135,[255,255,255],[0,0,0],[255,255,255],[0,0,0],138,140,[255,255,255],[255,242,242],141,143,[255,0,0],[0,0,0],144,146,[255,0,0],[255,204,204],147,149,[255,255,255],149,152,[0,0,0],[255,255,255],[0,0,0],154,156,[255,255,255],[255,204,204],157,159,[255,0,0],[0,0,0],160,162,[255,0,0],[255,127,127],[255,243,243],164,171,[255,255,255],[255,243,243],[255,127,127],173,175,[255,0,0],[0,0,0],176,179,[255,0,0],[255,167,167],[255,243,243],181,186,[255,255,255],[255,243,243],[255,167,167],188,191,[255,0,0],[0,0,0],192,196,[255,0,0],[255,127,127],[255,204,204],[255,242,242],[255,255,255],[255,242,242],[255,204,204],[255,127,127],203,207,[255,0,0],[0,0,0],208,223,[255,0,0],[0,0,0],224,239,[255,0,0],239,256,[0,0,0]]}}'

PIC_ZKW1='{"on":true,"bri":255,"seg":{"id":0,"i":[0,[250,251,246],[138,91,81],[149,85,76],[153,90,75],[153,86,77],[172,105,96],[163,103,92],[166,104,89],[190,128,115],[170,106,94],[178,114,104],[141,77,67],[145,83,72],[137,79,67],[156,126,115],[129,130,125],[197,200,189],[146,91,84],[137,74,65],[142,80,69],[149,87,76],[178,120,108],[165,101,92],[117,58,52],[122,63,57],[136,87,83],[70,29,25],[135,83,72],[157,99,87],[120,66,54],[132,75,68],[97,97,85],[198,201,190],[122,72,61],[106,45,42],[119,65,55],[128,79,74],[25,4,1],[45,24,21],[104,81,67],[73,58,53],[29,19,20],[20,11,16],[79,62,55],[91,68,62],[47,25,27],[80,44,44],[169,167,155],[145,147,136],[134,130,118],[47,33,32],[39,31,29],[136,105,85],[77,60,50],[34,25,26],[37,27,28],[47,28,30],[52,33,35],[43,27,28],[25,16,19],[10,5,9],[36,28,25],[141,139,126],[183,185,172],[203,204,198],[233,234,229],[37,37,37],[85,64,61],[83,54,56],[73,47,46],[81,51,49],[93,54,55],[92,56,56],[90,54,54],[85,55,55],[81,51,51],[120,92,91],[3,3,5],[154,154,146],[173,176,159],[204,184,195],[200,180,192],[13,13,15],[113,84,80],[54,38,39],[23,17,19],[63,43,42],[107,69,66],[110,68,69],[15,15,15],[14,10,11],[33,11,13],[144,103,101],[5,9,12],[168,158,146],[175,176,160],[197,197,187],[190,192,179],[32,21,19],[164,132,121],[110,73,65],[105,67,66],[85,52,45],[109,70,63],[92,59,54],[75,40,38],[116,77,78],[97,59,58],[45,24,23],[101,87,86],[147,97,98],[92,78,69],[198,199,191],[191,184,178],[193,184,179],[201,161,149],[201,172,158],[116,91,84],[92,56,58],[198,148,137],[88,52,52],[78,47,44],[70,40,40],[89,55,54],[138,97,101],[16,16,18],[47,27,20],[165,157,144],[123,120,115],[128,120,118],[78,69,64],[120,89,84],[226,175,158],[210,162,148],[187,140,124],[145,78,72],[69,31,22],[116,78,77],[135,95,95],[140,98,99],[149,103,103],[32,26,28],[178,172,158],[188,180,167],[130,124,128],[205,182,200],[135,124,128],[60,42,42],[200,146,134],[221,169,158],[220,160,149],[215,144,138],[202,144,142],[143,99,96],[153,106,98],[130,82,82],[111,80,78],[11,11,13],[127,123,112],[171,172,158],[219,210,201],[200,195,189],[95,93,96],[12,12,14],[131,98,91],[106,59,53],[104,65,60],[110,64,66],[94,63,68],[154,100,98],[117,76,72],[95,60,58],[10,6,5],[23,21,24],[52,48,47],[144,138,126],[194,194,182],[199,196,187],[30,25,32],[15,13,16],[54,44,43],[47,37,36],[48,39,40],[39,24,27],[9,7,8],[56,48,46],[50,29,26],[31,21,22],[5,3,4],[14,12,15],[33,31,32],[86,83,76],[208,208,200],[179,170,161],[80,61,57],[16,14,17],[12,7,11],[40,31,34],[126,120,134],[159,163,175],[30,18,22],[47,32,37],[22,16,18],[29,27,30],[6,4,7],[17,12,16],[59,55,52],[60,59,54],[153,130,114],[135,96,81],[29,20,23],[30,25,29],[11,9,12],[31,21,20],[80,69,75],[125,132,142],[61,40,45],[94,57,51],[10,8,11],[6,4,7],[2,0,3],[12,10,11],[124,111,103],[151,150,145],[182,148,111],[185,144,116],[113,84,76],[33,23,24],[24,22,25],[13,11,14],[221,213,167],[59,56,47],[42,26,27],[54,36,32],[15,13,16],[17,17,19],[18,16,19],[41,30,26],[105,70,50],[87,84,77],[191,141,90],[194,141,89],[133,86,42],[25,23,26],[21,19,22],[37,37,39],[212,209,156],[60,62,49],[20,18,21],[11,9,12],[1,0,2],[16,14,17],[8,6,7],[92,71,68],[103,77,78],[84,54,46]]}}'

PIC_ZKW2='{"on":true,"bri":255,"seg":{"id":0,"i":[0,[146,146,143],[80,53,47],[87,49,44],[89,52,43],[89,50,45],[100,61,56],[95,60,54],[96,61,51],[111,75,67],[99,62,54],[104,67,61],[82,45,39],[84,49,42],[80,46,39],[91,73,67],[75,75,72],[114,117,110],[85,53,49],[80,43,38],[83,46,40],[87,51,44],[104,70,63],[96,59,54],[68,34,30],[71,37,33],[79,51,49],[41,17,14],[78,49,42],[91,58,51],[70,38,31],[77,43,40],[57,57,49],[115,117,111],[71,42,35],[62,26,25],[70,38,32],[75,46,43],[14,2,1],[26,14,12],[61,47,39],[43,34,31],[17,11,12],[12,7,9],[46,36,32],[53,40,36],[28,14,16],[46,25,25],[99,97,90],[84,85,79],[78,75,69],[28,20,19],[22,18,17],[79,61,49],[45,35,29],[20,14,15],[22,16,16],[28,16,17],[30,20,20],[25,16,16],[14,9,11],[6,3,5],[21,16,14],[82,81,73],[106,108,100],[118,119,115],[135,136,133],[22,22,22],[49,37,35],[49,31,33],[43,28,27],[47,30,28],[54,31,32],[54,33,33],[52,31,31],[49,32,32],[47,30,30],[70,54,53],[1,1,3],[90,90,85],[101,102,93],[119,107,114],[117,105,112],[7,7,9],[66,49,46],[31,22,22],[13,10,11],[37,25,25],[62,40,38],[64,40,40],[9,9,9],[8,6,7],[20,7,7],[84,60,59],[3,5,7],[98,92,85],[102,102,93],[114,114,109],[111,112,104],[19,12,11],[96,77,70],[64,43,38],[61,39,38],[49,30,26],[64,41,37],[54,34,31],[43,23,22],[67,45,46],[57,34,34],[26,14,13],[59,51,50],[85,57,57],[54,46,40],[115,116,111],[111,107,104],[112,107,104],[117,93,87],[117,100,92],[67,53,49],[54,33,34],[115,86,80],[51,30,30],[46,28,25],[41,23,23],[51,32,31],[80,57,59],[9,9,10],[28,16,12],[96,91,84],[72,70,67],[75,70,69],[46,40,37],[70,51,49],[132,102,92],[122,94,86],[109,81,72],[84,46,42],[40,18,13],[67,46,45],[78,55,55],[81,57,58],[87,60,60],[19,15,16],[104,100,92],[109,105,97],[75,72,75],[120,106,117],[78,72,75],[35,25,25],[117,85,78],[128,99,92],[128,93,87],[125,84,80],[117,84,83],[83,58,56],[89,62,57],[75,48,48],[64,46,46],[7,7,7],[74,72,65],[99,100,92],[127,122,117],[117,114,110],[55,54,56],[7,7,8],[76,57,53],[62,34,31],[61,38,35],[64,37,38],[54,37,40],[90,58,57],[68,44,42],[55,35,34],[6,4,3],[13,12,14],[30,28,28],[84,80,73],[113,113,106],[116,114,109],[17,14,19],[9,7,9],[31,25,25],[28,22,21],[28,22,23],[22,14,16],[5,4,4],[33,28,27],[29,17,15],[18,12,13],[3,1,2],[8,7,9],[20,18,19],[50,49,44],[121,121,117],[104,99,93],[46,35,33],[9,8,10],[7,4,7],[23,18,20],[73,70,78],[93,95,102],[17,10,13],[28,19,22],[13,9,10],[17,16,17],[4,2,4],[10,7,9],[34,32,30],[35,34,31],[89,75,67],[78,56,47],[17,12,13],[17,14,17],[7,5,7],[18,12,12],[46,40,43],[72,77,83],[35,23,26],[54,33,30],[6,4,7],[4,2,4],[1,0,1],[7,6,7],[72,64,60],[88,87,84],[106,86,64],[108,84,67],[66,49,44],[20,13,14],[14,13,14],[7,7,8],[128,124,97],[34,33,28],[25,15,16],[31,21,19],[9,7,9],[10,10,11],[10,9,11],[24,17,15],[61,41,29],[51,49,45],[111,82,52],[113,82,51],[78,50,25],[14,13,15],[12,11,13],[22,22,22],[123,122,91],[35,36,28],[12,10,12],[7,5,7],[1,0,1],[9,8,10],[4,4,4],[54,41,40],[60,45,46],[49,31,27]]}}'

Help()
{
   # Display Help
   echo "display preselected picture on wled $WLED_DEVICE"
   echo
   echo "Syntax: $0 [-h|-n name]"
   echo "options:"
   echo "-h     Print this Help."
   echo "-n     name of the preselected picture"
   echo "       88 88LGBT ALIEN1 ALX3 FRANCELIBRE HEART12 HEART14 HEART34 HEARTEMPTY HEARTFULLBLUE HEARTFULLGREEN HEARTRAINBOW NUCLEAR PIKACHU PIKACHU2 POKEMON POKEMON_BULBIZARRE POKEMON_CARAPUCE POKEMON_DRACAUFEU POKEMON_FLORIZARRE POKEMON_HERBIZARRE POKEMON_PIKACHU POKEMON_REPTINCEL POKEMON_SALAMECHE POKEMON_TORTANK SEALION SS SWASTIKA SWASTIKA2 SWASTIKA3 ZKW1 ZKW2"
   echo
}

name="heartrainbow"
# Get the options
while getopts ":hn:" option; do
    case $option in
	h) # display Help
            Help
            exit;;
	n) # name of predefined picture
            name=$OPTARG;;
	\?) # Invalid option
	    Help
            exit;;
    esac
done

if [ "$#" -eq 0 ]; then
    Help
    exit
fi

case $name in
    ss)
	pic="$PIC_SS";;
    88)
	pic="$PIC_88";;
    88LGBT)
	pic="$PIC_88LGBT";;
    ALIEN1)
	pic="$PIC_ALIEN1";;
    ALX3)
	pic="$PIC_ALX3";;
    FRANCELIBRE)
	pic="$PIC_FRANCELIBRE";;
    HEART12)
	pic="$PIC_HEART12";;
    HEART14)
	pic="$PIC_HEART14";;
    HEART34)
	pic="$PIC_HEART34";;
    HEARTEMPTY)
	pic="$PIC_HEARTEMPTY";;
    HEARTFULLBLUE)
	pic="$PIC_HEARTFULLBLUE";;
    HEARTFULLGREEN)
	pic="$PIC_HEARTFULLGREEN";;
    HEARTRAINBOW)
	pic="$PIC_HEARTRAINBOW";;
    NUCLEAR)
	pic="$PIC_NUCLEAR";;
    PIKACHU)
	pic="$PIC_PIKACHU";;
    PIKACHU2)
	pic="$PIC_PIKACHU2";;
    POKEMON)
    	pic="$PIC_POKEMON";;
    POKEMON_BULBIZARRE)
    	pic="$PIC_POKEMON_BULBIZARRE";;
    POKEMON_CARAPUCE)
    	pic="$PIC_POKEMON_CARAPUCE";;
    POKEMON_DRACAUFEU)
    	pic="$PIC_POKEMON_DRACAUFEU";;
    POKEMON_FLORIZARRE)
	pic="$PIC_POKEMON_FLORIZARRE";;
    POKEMON_HERBIZARRE)
	pic="$PIC_POKEMON_HERBIZARRE";;
    POKEMON_PIKACHU)
	pic="$PIC_POKEMON_PIKACHU";;
    POKEMON_REPTINCEL)
	pic="$PIC_POKEMON_REPTINCEL";;
    POKEMON_SALAMECHE)
    	pic="$PIC_POKEMON_SALAMECHE";;
    POKEMON_TORTANK)
    	pic="$PIC_POKEMON_TORTANK";;
    SEALION)
    	pic="$PIC_SEALION";;
    SS)
    	pic="$PIC_SS";;
    SWASTIKA)
    	pic="$PIC_SWASTIKA";;
    SWASTIKA2)
    	pic="$PIC_SWASTIKA2";;
    SWASTIKA3)
    	pic="$PIC_SWASTIKA3";;
    ZKW1)
    	pic="$PIC_ZKW1";;
    ZKW2)
	pic="$PIC_ZKW2";;
    \?) # Invalid option
	pic="$PIC_HEARTRAINBOW";;
esac

curl -X POST "http://$WLED_DEVICE/json/state" -d "$pic" -H "Content-Type: application/json" >/dev/null 2>/dev/null
